TILEMAP
36 28 							-- Size of tile map in tiles
16 32 							-- Tile size & block size
assets/images/blocks.png 	-- Tilesheet
2 2 								-- Number of tiles in tilesheet
111111111111111111111111111111111111
11                                11
11                                11
11                                11
11                                11
11                                11
115    2                          11
1111   11111   1   1   111111   1111
11           1 1 1 1 1            11
11                                11
11                                11
11                                11
1111   1111   11   11   11111   1111
11                                11
11               5                11
11              111               11
11                                11
1111   111  11       11  1111   1111
11            11   11             11
11             11111              11
11                           333  11
11                           333  11
1111   11111111111111111111113331111
11                           333  11
11                           333  11
11                           333  11
112     5                    333  11
111111111111111111111111111111111111 